/*********************************************
 * OPL 12.7.0.0 Data
 * Author: eirik
 * Creation Date: 4. jan. 2017 at 10.45.16
 *********************************************/

 nLocations = 10;
 maxVehicles = 9;
 L = 10000;
 maxTimeOfRoute = 720;
 minArrival = [0, 50, 150, 120, 220, 290, 350, 40, 100, 100];
 maxArrival = [720, 100, 200, 140, 300, 400, 500, 200, 400, 300];
 workLoad = [0, 30, 90, 60, 10, 70, 20, 30, 40, 70];
 dist = [	[0, 60, 20, 100, 110, 200, 10, 50, 90, 40],
 			[60, 0, 90, 200, 200, 100, 80, 130, 90, 150],
 			[20, 90, 0, 100, 200, 100, 90, 80, 70, 90],
 			[100, 200, 100, 0, 30, 90, 60, 70, 90, 100],
 			[110, 200, 200, 30, 0, 60, 90, 80, 70, 60],
 			[200, 100, 100, 90, 60, 0, 20, 90, 50, 60],
 			[10, 80, 90, 60, 90, 20, 0 ,80, 50, 100],
 			[50, 130, 80, 70, 80, 90, 80, 0, 50, 90],
 			[90, 90, 70, 90, 70, 50, 50, 50, 0, 80],
 			[40, 150, 90, 100, 60, 60, 100, 90, 80, 0]];