0 [0,720] 0 Distance: [0, 51, 56, 45, 25, 59, 79, 10, 81, 33, 25, 21, 39, 22, 72, 62, 47, 88, 31, 81, 41, 66, 71, 89, 32, 72, 12, 23, 80, 35, 34, 14, 26, 46, 42, 22, 83, 67, 77, 30, 61, 85, 83, 60, 37, 79, 88, 62, 71, 42, 68, 23, 52, 40, 55, 55, 46, 14, 51, 40, 66, 81, 17, 30, 84, 43, 88, 49, 75, 83, 66, 64, 72, 16, 40, 26, 32, 34, 27, 85]
1 [38,286] 69 Distance: [51, 0, 20, 51, 50, 34, 21, 56, 14, 86, 76, 35, 25, 24, 40, 50, 57, 44, 46, 74, 12, 24, 87, 60, 25, 84, 33, 51, 53, 16, 21, 12, 82, 66, 56, 50, 34, 26, 75, 38, 57, 84, 29, 88, 32, 74, 49, 20, 38, 83, 58, 27, 17, 12, 34, 61, 50, 50, 42, 64, 39, 89, 44, 32, 25, 11, 28, 19, 22, 16, 13, 55, 25, 71, 80, 43, 21, 47, 71, 55]
2 [70,298] 78 Distance: [56, 20, 0, 49, 36, 55, 24, 13, 41, 60, 76, 34, 78, 38, 22, 40, 62, 33, 31, 33, 56, 83, 26, 66, 72, 63, 17, 82, 82, 70, 49, 27, 58, 61, 47, 62, 82, 89, 85, 51, 17, 23, 45, 46, 76, 56, 89, 76, 20, 58, 61, 13, 13, 50, 74, 60, 54, 20, 23, 57, 89, 21, 30, 23, 16, 72, 16, 17, 66, 53, 38, 56, 57, 56, 69, 88, 49, 37, 29, 24]
3 [13,460] 27 Distance: [45, 51, 49, 0, 16, 57, 30, 16, 12, 75, 88, 69, 13, 50, 29, 64, 33, 64, 37, 45, 37, 76, 78, 14, 23, 77, 46, 15, 69, 50, 55, 53, 81, 15, 53, 64, 84, 66, 55, 16, 11, 36, 55, 51, 67, 11, 24, 28, 77, 11, 27, 80, 13, 12, 78, 57, 53, 39, 34, 45, 89, 27, 87, 57, 15, 76, 70, 55, 53, 75, 74, 47, 78, 48, 60, 10, 42, 84, 10, 81]
4 [204,377] 58 Distance: [25, 50, 36, 16, 0, 49, 59, 68, 36, 12, 14, 66, 71, 49, 87, 85, 54, 41, 21, 57, 89, 79, 32, 51, 66, 39, 22, 13, 83, 40, 52, 43, 77, 24, 32, 89, 68, 18, 67, 67, 62, 70, 20, 64, 10, 46, 79, 44, 61, 73, 21, 17, 87, 86, 45, 17, 52, 78, 72, 83, 31, 45, 82, 39, 33, 63, 37, 24, 87, 20, 23, 61, 17, 31, 67, 59, 39, 17, 37, 27]
5 [141,400] 49 Distance: [59, 34, 55, 57, 49, 0, 38, 28, 15, 51, 72, 23, 89, 84, 66, 77, 37, 48, 39, 50, 16, 38, 73, 84, 53, 59, 63, 41, 28, 54, 67, 75, 79, 55, 50, 13, 28, 37, 22, 56, 71, 36, 65, 70, 55, 32, 31, 26, 49, 24, 14, 74, 50, 57, 10, 75, 69, 54, 65, 56, 36, 65, 53, 14, 75, 89, 16, 70, 89, 48, 33, 31, 16, 39, 36, 24, 11, 56, 64, 24]
6 [109,177] 11 Distance: [79, 21, 24, 30, 59, 38, 0, 63, 16, 42, 74, 10, 23, 23, 40, 73, 29, 15, 82, 53, 83, 29, 11, 77, 51, 35, 81, 47, 13, 58, 23, 15, 64, 71, 64, 10, 17, 73, 74, 69, 42, 62, 69, 78, 34, 69, 31, 84, 37, 79, 77, 51, 64, 31, 24, 87, 75, 48, 33, 82, 51, 38, 18, 40, 83, 28, 19, 71, 30, 77, 86, 53, 76, 30, 63, 33, 63, 24, 19, 75]
7 [92,318] 81 Distance: [10, 56, 13, 16, 68, 28, 63, 0, 80, 19, 44, 48, 75, 46, 55, 46, 84, 76, 11, 22, 36, 40, 53, 15, 20, 89, 68, 54, 36, 64, 62, 83, 89, 46, 45, 88, 81, 51, 74, 19, 36, 49, 36, 66, 89, 31, 13, 86, 65, 57, 50, 79, 20, 53, 52, 39, 87, 80, 72, 12, 55, 71, 23, 53, 37, 18, 50, 85, 13, 74, 71, 61, 68, 59, 72, 28, 45, 37, 78, 66]
8 [160,168] 55 Distance: [81, 14, 41, 12, 36, 15, 16, 80, 0, 25, 61, 10, 66, 89, 80, 35, 38, 33, 71, 49, 28, 26, 53, 69, 61, 20, 30, 19, 62, 39, 82, 61, 32, 36, 71, 77, 67, 45, 37, 46, 87, 45, 74, 72, 18, 85, 62, 70, 30, 84, 80, 38, 58, 18, 63, 60, 80, 10, 86, 67, 39, 50, 79, 65, 47, 72, 88, 86, 57, 26, 18, 33, 41, 18, 54, 31, 20, 29, 66, 49]
9 [180,206] 57 Distance: [33, 86, 60, 75, 12, 51, 42, 19, 25, 0, 19, 70, 65, 73, 58, 35, 57, 48, 34, 75, 46, 39, 82, 67, 20, 56, 77, 52, 49, 72, 84, 11, 33, 27, 76, 45, 67, 36, 74, 20, 65, 24, 11, 58, 61, 62, 81, 65, 86, 69, 55, 44, 74, 17, 85, 30, 37, 20, 31, 77, 56, 53, 72, 66, 53, 48, 52, 80, 87, 58, 10, 31, 14, 47, 57, 52, 88, 57, 66, 47]
10 [39,250] 65 Distance: [25, 76, 76, 88, 14, 72, 74, 44, 61, 19, 0, 43, 15, 66, 48, 30, 88, 19, 86, 56, 26, 25, 54, 64, 36, 71, 36, 67, 84, 52, 49, 36, 21, 72, 34, 46, 57, 80, 88, 69, 63, 49, 49, 43, 81, 41, 43, 30, 13, 49, 48, 78, 46, 30, 50, 61, 70, 55, 69, 15, 10, 33, 67, 48, 58, 70, 48, 21, 28, 69, 11, 74, 19, 18, 13, 59, 17, 30, 49, 30]
11 [8,376] 76 Distance: [21, 35, 34, 69, 66, 23, 10, 48, 10, 70, 43, 0, 86, 33, 32, 77, 36, 68, 71, 50, 49, 27, 40, 44, 56, 79, 58, 46, 76, 74, 78, 69, 58, 27, 15, 10, 74, 10, 69, 30, 33, 86, 22, 34, 55, 89, 73, 41, 48, 29, 25, 53, 57, 87, 50, 14, 64, 66, 27, 33, 80, 39, 15, 69, 40, 56, 58, 57, 71, 60, 77, 25, 87, 20, 31, 31, 19, 44, 48, 53]
12 [129,289] 35 Distance: [39, 25, 78, 13, 71, 89, 23, 75, 66, 65, 15, 86, 0, 37, 30, 74, 57, 33, 32, 70, 58, 56, 45, 56, 79, 73, 33, 89, 71, 58, 30, 63, 11, 31, 28, 59, 79, 69, 46, 62, 55, 30, 31, 40, 38, 89, 26, 79, 82, 61, 73, 73, 36, 82, 86, 71, 27, 12, 13, 30, 48, 52, 66, 34, 83, 21, 15, 17, 69, 64, 86, 89, 31, 61, 21, 87, 80, 79, 23, 77]
13 [52,293] 2 Distance: [22, 24, 38, 50, 49, 84, 23, 46, 89, 73, 66, 33, 37, 0, 84, 66, 22, 79, 63, 67, 79, 75, 25, 12, 30, 66, 67, 26, 24, 87, 71, 29, 40, 35, 14, 76, 17, 51, 60, 35, 18, 47, 21, 58, 39, 71, 19, 35, 44, 43, 15, 79, 76, 40, 61, 77, 24, 10, 20, 48, 68, 83, 74, 76, 27, 86, 63, 13, 82, 48, 32, 84, 58, 36, 44, 63, 47, 81, 51, 36]
14 [69,132] 73 Distance: [72, 40, 22, 29, 87, 66, 40, 55, 80, 58, 48, 32, 30, 84, 0, 30, 51, 73, 74, 83, 66, 58, 84, 64, 26, 88, 58, 41, 88, 80, 69, 44, 62, 75, 87, 31, 36, 16, 69, 50, 27, 71, 83, 67, 79, 24, 58, 48, 72, 81, 40, 87, 45, 86, 20, 41, 86, 67, 44, 61, 44, 61, 77, 80, 15, 71, 46, 42, 83, 49, 58, 45, 56, 26, 40, 23, 85, 22, 56, 54]
15 [97,313] 88 Distance: [62, 50, 40, 64, 85, 77, 73, 46, 35, 35, 30, 77, 74, 66, 30, 0, 17, 26, 76, 59, 45, 20, 65, 23, 17, 72, 41, 66, 50, 21, 87, 74, 76, 23, 22, 72, 66, 21, 53, 47, 79, 74, 67, 14, 88, 49, 83, 69, 64, 57, 76, 20, 71, 88, 64, 30, 48, 28, 39, 28, 78, 77, 23, 30, 74, 14, 18, 13, 67, 18, 12, 12, 35, 59, 40, 45, 10, 61, 78, 48]
16 [182,421] 48 Distance: [47, 57, 62, 33, 54, 37, 29, 84, 38, 57, 88, 36, 57, 22, 51, 17, 0, 74, 33, 43, 85, 78, 38, 37, 51, 71, 82, 24, 65, 52, 87, 18, 49, 61, 80, 24, 13, 12, 74, 83, 41, 73, 48, 75, 24, 65, 46, 78, 75, 34, 39, 28, 68, 53, 50, 50, 73, 41, 63, 66, 83, 24, 56, 27, 70, 88, 18, 42, 27, 64, 83, 13, 25, 84, 29, 63, 35, 32, 88, 54]
17 [209,299] 61 Distance: [88, 44, 33, 64, 41, 48, 15, 76, 33, 48, 19, 68, 33, 79, 73, 26, 74, 0, 74, 45, 62, 85, 19, 19, 80, 29, 20, 11, 38, 23, 55, 30, 84, 55, 65, 48, 88, 46, 44, 35, 63, 14, 33, 42, 23, 42, 81, 75, 15, 10, 18, 31, 11, 72, 87, 73, 68, 26, 40, 16, 12, 12, 65, 75, 31, 89, 22, 72, 21, 86, 84, 57, 84, 59, 19, 28, 34, 79, 56, 54]
18 [185,356] 80 Distance: [31, 46, 31, 37, 21, 39, 82, 11, 71, 34, 86, 71, 32, 63, 74, 76, 33, 74, 0, 56, 31, 70, 43, 34, 74, 68, 44, 34, 60, 10, 45, 85, 69, 37, 82, 29, 85, 26, 86, 46, 55, 71, 87, 68, 23, 69, 65, 17, 33, 58, 69, 69, 88, 27, 22, 70, 47, 78, 33, 63, 55, 13, 22, 20, 38, 22, 71, 83, 32, 80, 59, 22, 85, 73, 80, 53, 23, 58, 75, 73]
19 [85,238] 38 Distance: [81, 74, 33, 45, 57, 50, 53, 22, 49, 75, 56, 50, 70, 67, 83, 59, 43, 45, 56, 0, 38, 76, 45, 43, 73, 35, 68, 27, 11, 56, 10, 61, 32, 85, 14, 13, 51, 42, 62, 19, 61, 12, 62, 34, 84, 61, 55, 74, 62, 87, 47, 77, 32, 33, 80, 79, 87, 84, 56, 54, 18, 56, 61, 49, 74, 71, 27, 85, 16, 19, 43, 50, 81, 67, 65, 53, 72, 24, 34, 71]
20 [224,352] 35 Distance: [41, 12, 56, 37, 89, 16, 83, 36, 28, 46, 26, 49, 58, 79, 66, 45, 85, 62, 31, 38, 0, 80, 14, 64, 34, 84, 47, 36, 35, 54, 81, 87, 75, 88, 32, 29, 79, 74, 38, 46, 48, 32, 70, 18, 21, 15, 24, 89, 52, 37, 62, 84, 79, 82, 69, 19, 75, 70, 24, 60, 12, 24, 47, 37, 61, 33, 36, 14, 27, 67, 86, 14, 65, 73, 22, 40, 78, 60, 31, 73]
21 [22,134] 4 Distance: [66, 24, 83, 76, 79, 38, 29, 40, 26, 39, 25, 27, 56, 75, 58, 20, 78, 85, 70, 76, 80, 0, 66, 62, 35, 49, 24, 87, 64, 76, 77, 58, 81, 44, 15, 36, 49, 85, 16, 32, 58, 52, 58, 41, 11, 13, 44, 61, 57, 32, 51, 59, 28, 38, 36, 41, 26, 30, 37, 36, 65, 79, 43, 36, 46, 73, 30, 43, 11, 12, 41, 27, 68, 20, 30, 81, 10, 16, 38, 66]
22 [174,386] 49 Distance: [71, 87, 26, 78, 32, 73, 11, 53, 53, 82, 54, 40, 45, 25, 84, 65, 38, 19, 43, 45, 14, 66, 0, 17, 78, 22, 32, 20, 20, 29, 88, 88, 13, 26, 76, 78, 47, 26, 56, 66, 85, 79, 83, 17, 78, 44, 68, 55, 80, 28, 14, 54, 58, 67, 74, 19, 86, 45, 80, 10, 87, 34, 33, 33, 52, 27, 51, 74, 48, 46, 10, 35, 54, 36, 48, 23, 62, 60, 49, 71]
23 [140,172] 42 Distance: [89, 60, 66, 14, 51, 84, 77, 15, 69, 67, 64, 44, 56, 12, 64, 23, 37, 19, 34, 43, 64, 62, 17, 0, 78, 57, 21, 67, 48, 38, 10, 18, 60, 74, 78, 66, 34, 87, 86, 25, 54, 60, 46, 74, 56, 74, 14, 35, 78, 51, 84, 18, 65, 30, 20, 72, 49, 39, 73, 86, 54, 52, 38, 84, 36, 83, 62, 33, 74, 78, 44, 52, 55, 65, 32, 32, 89, 82, 71, 71]
24 [142,424] 38 Distance: [32, 25, 72, 23, 66, 53, 51, 20, 61, 20, 36, 56, 79, 30, 26, 17, 51, 80, 74, 73, 34, 35, 78, 78, 0, 51, 30, 54, 69, 26, 85, 34, 77, 77, 12, 62, 18, 63, 32, 18, 43, 19, 42, 85, 57, 34, 46, 23, 85, 27, 77, 78, 50, 24, 43, 75, 50, 88, 75, 23, 37, 31, 86, 79, 44, 70, 74, 57, 43, 48, 31, 18, 60, 43, 85, 86, 80, 63, 41, 11]
25 [85,160] 15 Distance: [72, 84, 63, 77, 39, 59, 35, 89, 20, 56, 71, 79, 73, 66, 88, 72, 71, 29, 68, 35, 84, 49, 22, 57, 51, 0, 81, 38, 54, 43, 20, 24, 41, 44, 42, 66, 61, 77, 21, 66, 20, 47, 55, 65, 39, 77, 37, 45, 84, 26, 75, 66, 23, 54, 74, 53, 84, 76, 60, 29, 16, 59, 24, 62, 47, 15, 49, 67, 23, 28, 25, 39, 68, 38, 50, 64, 53, 31, 37, 89]
26 [229,452] 16 Distance: [12, 33, 17, 46, 22, 63, 81, 68, 30, 77, 36, 58, 33, 67, 58, 41, 82, 20, 44, 68, 47, 24, 32, 21, 30, 81, 0, 84, 78, 60, 27, 19, 56, 41, 23, 66, 14, 42, 66, 13, 19, 84, 62, 17, 24, 44, 32, 47, 70, 37, 51, 73, 88, 67, 41, 42, 66, 78, 41, 82, 33, 34, 42, 63, 65, 67, 26, 23, 37, 14, 59, 66, 70, 11, 27, 52, 11, 47, 78, 24]
27 [12,353] 34 Distance: [23, 51, 82, 15, 13, 41, 47, 54, 19, 52, 67, 46, 89, 26, 41, 66, 24, 11, 34, 27, 36, 87, 20, 67, 54, 38, 84, 0, 50, 77, 74, 88, 88, 44, 31, 89, 43, 20, 81, 35, 57, 82, 83, 30, 84, 60, 50, 88, 69, 30, 27, 19, 41, 34, 58, 76, 60, 61, 32, 69, 49, 70, 32, 85, 76, 19, 54, 37, 12, 60, 84, 11, 56, 48, 43, 35, 69, 22, 50, 57]
28 [29,169] 60 Distance: [80, 53, 82, 69, 83, 28, 13, 36, 62, 49, 84, 76, 71, 24, 88, 50, 65, 38, 60, 11, 35, 64, 20, 48, 69, 54, 78, 50, 0, 17, 28, 70, 68, 47, 27, 78, 28, 63, 28, 58, 12, 73, 67, 24, 67, 70, 25, 34, 52, 28, 57, 87, 29, 52, 64, 20, 52, 73, 55, 63, 13, 15, 76, 16, 41, 77, 28, 45, 25, 24, 78, 32, 48, 30, 25, 71, 38, 76, 69, 55]
29 [220,429] 47 Distance: [35, 16, 70, 50, 40, 54, 58, 64, 39, 72, 52, 74, 58, 87, 80, 21, 52, 23, 10, 56, 54, 76, 29, 38, 26, 43, 60, 77, 17, 0, 89, 76, 63, 46, 61, 63, 54, 68, 68, 19, 18, 77, 41, 49, 52, 62, 54, 38, 24, 73, 54, 11, 24, 38, 53, 83, 42, 80, 83, 64, 58, 42, 39, 19, 34, 60, 80, 78, 69, 46, 55, 23, 59, 63, 16, 60, 54, 34, 16, 30]
30 [154,313] 35 Distance: [34, 21, 49, 55, 52, 67, 23, 62, 82, 84, 49, 78, 30, 71, 69, 87, 87, 55, 45, 10, 81, 77, 88, 10, 85, 20, 27, 74, 28, 89, 0, 84, 22, 56, 60, 45, 33, 31, 28, 12, 56, 46, 55, 27, 46, 68, 50, 23, 54, 74, 21, 34, 86, 65, 26, 39, 42, 87, 68, 88, 50, 41, 74, 83, 42, 34, 46, 83, 68, 82, 62, 67, 51, 42, 22, 45, 38, 19, 79, 17]
31 [19,52] 25 Distance: [14, 12, 27, 53, 43, 75, 15, 83, 61, 11, 36, 69, 63, 29, 44, 74, 18, 30, 85, 61, 87, 58, 88, 18, 34, 24, 19, 88, 70, 76, 84, 0, 32, 14, 40, 65, 16, 70, 32, 57, 34, 66, 61, 12, 33, 22, 45, 25, 71, 41, 86, 28, 66, 66, 28, 33, 37, 27, 63, 52, 56, 24, 61, 68, 45, 81, 59, 54, 81, 42, 12, 21, 74, 83, 11, 54, 35, 60, 43, 58]
32 [122,466] 37 Distance: [26, 82, 58, 81, 77, 79, 64, 89, 32, 33, 21, 58, 11, 40, 62, 76, 49, 84, 69, 32, 75, 81, 13, 60, 77, 41, 56, 88, 68, 63, 22, 32, 0, 81, 65, 57, 61, 65, 35, 26, 12, 65, 54, 87, 35, 23, 23, 81, 84, 50, 86, 66, 84, 59, 49, 82, 63, 55, 49, 66, 12, 44, 13, 25, 43, 61, 76, 73, 10, 36, 89, 45, 39, 59, 63, 49, 64, 24, 35, 78]
33 [103,318] 63 Distance: [46, 66, 61, 15, 24, 55, 71, 46, 36, 27, 72, 27, 31, 35, 75, 23, 61, 55, 37, 85, 88, 44, 26, 74, 77, 44, 41, 44, 47, 46, 56, 14, 81, 0, 70, 34, 65, 17, 48, 36, 31, 22, 60, 61, 30, 22, 64, 16, 78, 10, 15, 15, 49, 27, 39, 64, 88, 40, 22, 25, 89, 83, 45, 29, 66, 89, 77, 51, 88, 43, 46, 63, 88, 13, 79, 15, 78, 11, 55, 36]
34 [224,317] 84 Distance: [42, 56, 47, 53, 32, 50, 64, 45, 71, 76, 34, 15, 28, 14, 87, 22, 80, 65, 82, 14, 32, 15, 76, 78, 12, 42, 23, 31, 27, 61, 60, 40, 65, 70, 0, 20, 51, 58, 43, 82, 19, 87, 55, 20, 16, 14, 77, 57, 64, 15, 12, 71, 53, 29, 54, 44, 86, 66, 80, 32, 59, 76, 34, 54, 52, 37, 11, 33, 39, 48, 36, 35, 37, 63, 79, 33, 40, 82, 60, 82]
35 [109,331] 70 Distance: [22, 50, 62, 64, 89, 13, 10, 88, 77, 45, 46, 10, 59, 76, 31, 72, 24, 48, 29, 13, 29, 36, 78, 66, 62, 66, 66, 89, 78, 63, 45, 65, 57, 34, 20, 0, 43, 74, 23, 86, 86, 59, 82, 84, 52, 80, 11, 43, 51, 56, 25, 26, 39, 62, 56, 43, 27, 38, 15, 41, 37, 83, 42, 35, 85, 86, 89, 57, 26, 49, 20, 67, 17, 10, 25, 65, 59, 27, 84, 13]
36 [53,112] 20 Distance: [83, 34, 82, 84, 68, 28, 17, 81, 67, 67, 57, 74, 79, 17, 36, 66, 13, 88, 85, 51, 79, 49, 47, 34, 18, 61, 14, 43, 28, 54, 33, 16, 61, 65, 51, 43, 0, 25, 22, 42, 61, 22, 85, 49, 84, 34, 63, 15, 24, 87, 55, 14, 62, 10, 63, 41, 49, 63, 74, 54, 18, 57, 30, 48, 74, 77, 88, 15, 10, 81, 74, 22, 67, 23, 15, 89, 50, 64, 80, 89]
37 [34,200] 27 Distance: [67, 26, 89, 66, 18, 37, 73, 51, 45, 36, 80, 10, 69, 51, 16, 21, 12, 46, 26, 42, 74, 85, 26, 87, 63, 77, 42, 20, 63, 68, 31, 70, 65, 17, 58, 74, 25, 0, 35, 15, 15, 30, 38, 11, 47, 80, 31, 16, 55, 17, 55, 66, 28, 26, 33, 15, 27, 65, 23, 80, 88, 68, 50, 12, 32, 53, 72, 10, 11, 17, 31, 80, 78, 46, 48, 45, 29, 65, 71, 15]
38 [68,300] 76 Distance: [77, 75, 85, 55, 67, 22, 74, 74, 37, 74, 88, 69, 46, 60, 69, 53, 74, 44, 86, 62, 38, 16, 56, 86, 32, 21, 66, 81, 28, 68, 28, 32, 35, 48, 43, 23, 22, 35, 0, 45, 10, 71, 49, 38, 13, 74, 37, 24, 45, 38, 10, 21, 22, 43, 58, 44, 39, 73, 19, 86, 43, 79, 64, 41, 19, 30, 19, 26, 33, 28, 17, 63, 19, 36, 74, 50, 42, 10, 35, 18]
39 [10,195] 30 Distance: [30, 38, 51, 16, 67, 56, 69, 19, 46, 20, 69, 30, 62, 35, 50, 47, 83, 35, 46, 19, 46, 32, 66, 25, 18, 66, 13, 35, 58, 19, 12, 57, 26, 36, 82, 86, 42, 15, 45, 0, 55, 76, 50, 52, 65, 52, 69, 23, 85, 11, 32, 84, 10, 24, 33, 20, 63, 69, 81, 11, 84, 18, 58, 67, 18, 67, 47, 52, 40, 20, 29, 30, 67, 62, 28, 89, 25, 33, 33, 36]
40 [125,142] 35 Distance: [61, 57, 17, 11, 62, 71, 42, 36, 87, 65, 63, 33, 55, 18, 27, 79, 41, 63, 55, 61, 48, 58, 85, 54, 43, 20, 19, 57, 12, 18, 56, 34, 12, 31, 19, 86, 61, 15, 10, 55, 0, 33, 33, 20, 10, 19, 77, 40, 50, 24, 42, 60, 69, 77, 78, 62, 75, 58, 56, 55, 46, 57, 29, 86, 80, 37, 62, 45, 25, 65, 53, 82, 40, 33, 30, 67, 10, 25, 19, 10]
41 [77,446] 44 Distance: [85, 84, 23, 36, 70, 36, 62, 49, 45, 24, 49, 86, 30, 47, 71, 74, 73, 14, 71, 12, 32, 52, 79, 60, 19, 47, 84, 82, 73, 77, 46, 66, 65, 22, 87, 59, 22, 30, 71, 76, 33, 0, 73, 33, 47, 72, 28, 49, 52, 17, 12, 31, 71, 19, 38, 50, 73, 84, 44, 33, 65, 40, 71, 61, 21, 60, 87, 40, 72, 50, 10, 17, 61, 41, 59, 30, 25, 23, 50, 84]
42 [114,466] 5 Distance: [83, 29, 45, 55, 20, 65, 69, 36, 74, 11, 49, 22, 31, 21, 83, 67, 48, 33, 87, 62, 70, 58, 83, 46, 42, 55, 62, 83, 67, 41, 55, 61, 54, 60, 55, 82, 85, 38, 49, 50, 33, 73, 0, 71, 22, 42, 85, 21, 73, 31, 86, 59, 74, 86, 60, 60, 17, 87, 67, 37, 66, 37, 75, 50, 68, 78, 47, 80, 58, 77, 35, 77, 32, 77, 41, 43, 67, 24, 16, 52]
43 [150,157] 65 Distance: [60, 88, 46, 51, 64, 70, 78, 66, 72, 58, 43, 34, 40, 58, 67, 14, 75, 42, 68, 34, 18, 41, 17, 74, 85, 65, 17, 30, 24, 49, 27, 12, 87, 61, 20, 84, 49, 11, 38, 52, 20, 33, 71, 0, 77, 46, 58, 40, 11, 33, 25, 33, 45, 29, 37, 55, 42, 69, 12, 64, 62, 56, 70, 15, 17, 83, 20, 29, 68, 48, 37, 85, 10, 44, 21, 25, 17, 38, 82, 67]
44 [73,336] 43 Distance: [37, 32, 76, 67, 10, 55, 34, 89, 18, 61, 81, 55, 38, 39, 79, 88, 24, 23, 23, 84, 21, 11, 78, 56, 57, 39, 24, 84, 67, 52, 46, 33, 35, 30, 16, 52, 84, 47, 13, 65, 10, 47, 22, 77, 0, 45, 50, 27, 38, 15, 78, 72, 50, 87, 76, 81, 21, 35, 14, 44, 63, 66, 16, 37, 47, 57, 79, 44, 57, 17, 40, 54, 57, 12, 11, 33, 80, 66, 61, 73]
45 [132,343] 12 Distance: [79, 74, 56, 11, 46, 32, 69, 31, 85, 62, 41, 89, 89, 71, 24, 49, 65, 42, 69, 61, 15, 13, 44, 74, 34, 77, 44, 60, 70, 62, 68, 22, 23, 22, 14, 80, 34, 80, 74, 52, 19, 72, 42, 46, 45, 0, 77, 12, 61, 63, 72, 12, 14, 28, 39, 71, 19, 18, 35, 80, 58, 43, 85, 35, 63, 65, 74, 58, 33, 73, 54, 79, 81, 28, 37, 15, 22, 20, 44, 39]
46 [13,100] 86 Distance: [88, 49, 89, 24, 79, 31, 31, 13, 62, 81, 43, 73, 26, 19, 58, 83, 46, 81, 65, 55, 24, 44, 68, 14, 46, 37, 32, 50, 25, 54, 50, 45, 23, 64, 77, 11, 63, 31, 37, 69, 77, 28, 85, 58, 50, 77, 0, 30, 79, 77, 62, 79, 51, 73, 47, 60, 47, 16, 17, 35, 73, 37, 36, 83, 57, 13, 10, 58, 17, 37, 64, 76, 55, 67, 56, 65, 33, 21, 53, 69]
47 [67,200] 9 Distance: [62, 20, 76, 28, 44, 26, 84, 86, 70, 65, 30, 41, 79, 35, 48, 69, 78, 75, 17, 74, 89, 61, 55, 35, 23, 45, 47, 88, 34, 38, 23, 25, 81, 16, 57, 43, 15, 16, 24, 23, 40, 49, 21, 40, 27, 12, 30, 0, 44, 54, 65, 35, 89, 63, 46, 27, 53, 74, 23, 16, 35, 33, 35, 15, 88, 85, 86, 89, 66, 75, 67, 49, 86, 65, 33, 17, 68, 46, 57, 55]
48 [43,84] 11 Distance: [71, 38, 20, 77, 61, 49, 37, 65, 30, 86, 13, 48, 82, 44, 72, 64, 75, 15, 33, 62, 52, 57, 80, 78, 85, 84, 70, 69, 52, 24, 54, 71, 84, 78, 64, 51, 24, 55, 45, 85, 50, 52, 73, 11, 38, 61, 79, 44, 0, 26, 23, 10, 45, 82, 29, 25, 70, 40, 52, 40, 68, 45, 63, 65, 87, 33, 71, 32, 16, 64, 58, 26, 67, 60, 64, 78, 75, 18, 57, 55]
49 [85,463] 55 Distance: [42, 83, 58, 11, 73, 24, 79, 57, 84, 69, 49, 29, 61, 43, 81, 57, 34, 10, 58, 87, 37, 32, 28, 51, 27, 26, 37, 30, 28, 73, 74, 41, 50, 10, 15, 56, 87, 17, 38, 11, 24, 17, 31, 33, 15, 63, 77, 54, 26, 0, 39, 60, 51, 43, 34, 82, 71, 19, 49, 62, 18, 54, 85, 11, 66, 36, 80, 25, 22, 13, 36, 80, 40, 12, 23, 29, 55, 19, 83, 62]
50 [96,240] 3 Distance: [68, 58, 61, 27, 21, 14, 77, 50, 80, 55, 48, 25, 73, 15, 40, 76, 39, 18, 69, 47, 62, 51, 14, 84, 77, 75, 51, 27, 57, 54, 21, 86, 86, 15, 12, 25, 55, 55, 10, 32, 42, 12, 86, 25, 78, 72, 62, 65, 23, 39, 0, 44, 52, 26, 22, 30, 41, 86, 78, 49, 32, 78, 57, 89, 71, 85, 81, 13, 64, 13, 67, 23, 33, 73, 84, 40, 58, 63, 47, 23]
51 [185,287] 56 Distance: [23, 27, 13, 80, 17, 74, 51, 79, 38, 44, 78, 53, 73, 79, 87, 20, 28, 31, 69, 77, 84, 59, 54, 18, 78, 66, 73, 19, 87, 11, 34, 28, 66, 15, 71, 26, 14, 66, 21, 84, 60, 31, 59, 33, 72, 12, 79, 35, 10, 60, 44, 0, 52, 28, 60, 10, 83, 82, 78, 61, 55, 77, 41, 79, 85, 67, 29, 61, 61, 57, 52, 70, 71, 18, 20, 45, 47, 66, 34, 29]
52 [213,397] 15 Distance: [52, 17, 13, 13, 87, 50, 64, 20, 58, 74, 46, 57, 36, 76, 45, 71, 68, 11, 88, 32, 79, 28, 58, 65, 50, 23, 88, 41, 29, 24, 86, 66, 84, 49, 53, 39, 62, 28, 22, 10, 69, 71, 74, 45, 50, 14, 51, 89, 45, 51, 52, 52, 0, 10, 17, 68, 87, 20, 76, 32, 54, 56, 21, 54, 68, 43, 58, 70, 21, 21, 35, 64, 33, 13, 85, 71, 80, 16, 84, 48]
53 [40,396] 35 Distance: [40, 12, 50, 12, 86, 57, 31, 53, 18, 17, 30, 87, 82, 40, 86, 88, 53, 72, 27, 33, 82, 38, 67, 30, 24, 54, 67, 34, 52, 38, 65, 66, 59, 27, 29, 62, 10, 26, 43, 24, 77, 19, 86, 29, 87, 28, 73, 63, 82, 43, 26, 28, 10, 0, 45, 45, 69, 13, 61, 80, 65, 16, 89, 89, 85, 78, 38, 88, 22, 34, 38, 88, 35, 43, 24, 37, 51, 20, 10, 59]
54 [42,189] 69 Distance: [55, 34, 74, 78, 45, 10, 24, 52, 63, 85, 50, 50, 86, 61, 20, 64, 50, 87, 22, 80, 69, 36, 74, 20, 43, 74, 41, 58, 64, 53, 26, 28, 49, 39, 54, 56, 63, 33, 58, 33, 78, 38, 60, 37, 76, 39, 47, 46, 29, 34, 22, 60, 17, 45, 0, 44, 45, 78, 12, 85, 59, 27, 62, 20, 41, 26, 63, 65, 73, 65, 69, 28, 59, 45, 39, 42, 56, 24, 81, 26]
55 [233,406] 34 Distance: [55, 61, 60, 57, 17, 75, 87, 39, 60, 30, 61, 14, 71, 77, 41, 30, 50, 73, 70, 79, 19, 41, 19, 72, 75, 53, 42, 76, 20, 83, 39, 33, 82, 64, 44, 43, 41, 15, 44, 20, 62, 50, 60, 55, 81, 71, 60, 27, 25, 82, 30, 10, 68, 45, 44, 0, 27, 10, 72, 21, 29, 27, 43, 68, 60, 38, 17, 76, 88, 42, 69, 52, 58, 58, 59, 71, 49, 84, 78, 21]
56 [226,357] 68 Distance: [46, 50, 54, 53, 52, 69, 75, 87, 80, 37, 70, 64, 27, 24, 86, 48, 73, 68, 47, 87, 75, 26, 86, 49, 50, 84, 66, 60, 52, 42, 42, 37, 63, 88, 86, 27, 49, 27, 39, 63, 75, 73, 17, 42, 21, 19, 47, 53, 70, 71, 41, 83, 87, 69, 45, 27, 0, 73, 31, 55, 68, 58, 13, 76, 67, 75, 32, 34, 79, 49, 41, 17, 15, 56, 43, 19, 42, 28, 14, 56]
57 [226,412] 35 Distance: [14, 50, 20, 39, 78, 54, 48, 80, 10, 20, 55, 66, 12, 10, 67, 28, 41, 26, 78, 84, 70, 30, 45, 39, 88, 76, 78, 61, 73, 80, 87, 27, 55, 40, 66, 38, 63, 65, 73, 69, 58, 84, 87, 69, 35, 18, 16, 74, 40, 19, 86, 82, 20, 13, 78, 10, 73, 0, 41, 84, 16, 57, 54, 12, 86, 86, 19, 14, 64, 14, 56, 60, 42, 59, 36, 45, 30, 40, 36, 50]
58 [171,396] 18 Distance: [51, 42, 23, 34, 72, 65, 33, 72, 86, 31, 69, 27, 13, 20, 44, 39, 63, 40, 33, 56, 24, 37, 80, 73, 75, 60, 41, 32, 55, 83, 68, 63, 49, 22, 80, 15, 74, 23, 19, 81, 56, 44, 67, 12, 14, 35, 17, 23, 52, 49, 78, 78, 76, 61, 12, 72, 31, 41, 0, 23, 80, 82, 51, 65, 53, 85, 74, 60, 57, 86, 76, 15, 44, 51, 47, 58, 66, 44, 29, 67]
59 [87,395] 43 Distance: [40, 64, 57, 45, 83, 56, 82, 12, 67, 77, 15, 33, 30, 48, 61, 28, 66, 16, 63, 54, 60, 36, 10, 86, 23, 29, 82, 69, 63, 64, 88, 52, 66, 25, 32, 41, 54, 80, 86, 11, 55, 33, 37, 64, 44, 80, 35, 16, 40, 62, 49, 61, 32, 80, 85, 21, 55, 84, 23, 0, 32, 58, 52, 82, 19, 79, 39, 24, 30, 57, 84, 58, 14, 33, 18, 28, 11, 32, 39, 40]
60 [134,269] 44 Distance: [66, 39, 89, 89, 31, 36, 51, 55, 39, 56, 10, 80, 48, 68, 44, 78, 83, 12, 55, 18, 12, 65, 87, 54, 37, 16, 33, 49, 13, 58, 50, 56, 12, 89, 59, 37, 18, 88, 43, 84, 46, 65, 66, 62, 63, 58, 73, 35, 68, 18, 32, 55, 54, 65, 59, 29, 68, 16, 80, 32, 0, 61, 16, 20, 13, 56, 32, 62, 20, 70, 50, 58, 62, 16, 30, 68, 42, 57, 26, 11]
61 [167,417] 78 Distance: [81, 89, 21, 27, 45, 65, 38, 71, 50, 53, 33, 39, 52, 83, 61, 77, 24, 12, 13, 56, 24, 79, 34, 52, 31, 59, 34, 70, 15, 42, 41, 24, 44, 83, 76, 83, 57, 68, 79, 18, 57, 40, 37, 56, 66, 43, 37, 33, 45, 54, 78, 77, 56, 16, 27, 27, 58, 57, 82, 58, 61, 0, 51, 86, 49, 44, 69, 45, 79, 74, 16, 42, 63, 71, 37, 56, 43, 82, 45, 34]
62 [50,372] 59 Distance: [17, 44, 30, 87, 82, 53, 18, 23, 79, 72, 67, 15, 66, 74, 77, 23, 56, 65, 22, 61, 47, 43, 33, 38, 86, 24, 42, 32, 76, 39, 74, 61, 13, 45, 34, 42, 30, 50, 64, 58, 29, 71, 75, 70, 16, 85, 36, 35, 63, 85, 57, 41, 21, 89, 62, 43, 13, 54, 51, 52, 16, 51, 0, 51, 29, 73, 54, 58, 57, 68, 66, 73, 16, 37, 31, 86, 15, 17, 70, 32]
63 [86,248] 45 Distance: [30, 32, 23, 57, 39, 14, 40, 53, 65, 66, 48, 69, 34, 76, 80, 30, 27, 75, 20, 49, 37, 36, 33, 84, 79, 62, 63, 85, 16, 19, 83, 68, 25, 29, 54, 35, 48, 12, 41, 67, 86, 61, 50, 15, 37, 35, 83, 15, 65, 11, 89, 79, 54, 89, 20, 68, 76, 12, 65, 82, 20, 86, 51, 0, 30, 61, 19, 33, 30, 17, 53, 38, 62, 23, 30, 27, 41, 35, 78, 15]
64 [16,95] 4 Distance: [84, 25, 16, 15, 33, 75, 83, 37, 47, 53, 58, 40, 83, 27, 15, 74, 70, 31, 38, 74, 61, 46, 52, 36, 44, 47, 65, 76, 41, 34, 42, 45, 43, 66, 52, 85, 74, 32, 19, 18, 80, 21, 68, 17, 47, 63, 57, 88, 87, 66, 71, 85, 68, 85, 41, 60, 67, 86, 53, 19, 13, 49, 29, 30, 0, 79, 77, 22, 23, 14, 57, 43, 63, 62, 40, 58, 10, 86, 55, 50]
65 [26,105] 51 Distance: [43, 11, 72, 76, 63, 89, 28, 18, 72, 48, 70, 56, 21, 86, 71, 14, 88, 89, 22, 71, 33, 73, 27, 83, 70, 15, 67, 19, 77, 60, 34, 81, 61, 89, 37, 86, 77, 53, 30, 67, 37, 60, 78, 83, 57, 65, 13, 85, 33, 36, 85, 67, 43, 78, 26, 38, 75, 86, 85, 79, 56, 44, 73, 61, 79, 0, 42, 62, 69, 50, 59, 82, 67, 48, 58, 47, 20, 83, 68, 45]
66 [194,427] 31 Distance: [88, 28, 16, 70, 37, 16, 19, 50, 88, 52, 48, 58, 15, 63, 46, 18, 18, 22, 71, 27, 36, 30, 51, 62, 74, 49, 26, 54, 28, 80, 46, 59, 76, 77, 11, 89, 88, 72, 19, 47, 62, 87, 47, 20, 79, 74, 10, 86, 71, 80, 81, 29, 58, 38, 63, 17, 32, 19, 74, 39, 32, 69, 54, 19, 77, 42, 0, 19, 14, 57, 25, 35, 26, 31, 78, 17, 62, 82, 32, 70]
67 [62,407] 66 Distance: [49, 19, 17, 55, 24, 70, 71, 85, 86, 80, 21, 57, 17, 13, 42, 13, 42, 72, 83, 85, 14, 43, 74, 33, 57, 67, 23, 37, 45, 78, 83, 54, 73, 51, 33, 57, 15, 10, 26, 52, 45, 40, 80, 29, 44, 58, 58, 89, 32, 25, 13, 61, 70, 88, 65, 76, 34, 14, 60, 24, 62, 45, 58, 33, 22, 62, 19, 0, 14, 73, 68, 58, 13, 20, 15, 66, 63, 81, 58, 26]
68 [179,468] 20 Distance: [75, 22, 66, 53, 87, 89, 30, 13, 57, 87, 28, 71, 69, 82, 83, 67, 27, 21, 32, 16, 27, 11, 48, 74, 43, 23, 37, 12, 25, 69, 68, 81, 10, 88, 39, 26, 10, 11, 33, 40, 25, 72, 58, 68, 57, 33, 17, 66, 16, 22, 64, 61, 21, 22, 73, 88, 79, 64, 57, 30, 20, 79, 57, 30, 23, 69, 14, 14, 0, 48, 30, 15, 29, 43, 41, 34, 65, 72, 52, 15]
69 [150,243] 47 Distance: [83, 16, 53, 75, 20, 48, 77, 74, 26, 58, 69, 60, 64, 48, 49, 18, 64, 86, 80, 19, 67, 12, 46, 78, 48, 28, 14, 60, 24, 46, 82, 42, 36, 43, 48, 49, 81, 17, 28, 20, 65, 50, 77, 48, 17, 73, 37, 75, 64, 13, 13, 57, 21, 34, 65, 42, 49, 14, 86, 57, 70, 74, 68, 17, 14, 50, 57, 73, 48, 0, 48, 70, 52, 76, 80, 32, 88, 26, 52, 30]
70 [104,277] 41 Distance: [66, 13, 38, 74, 23, 33, 86, 71, 18, 10, 11, 77, 86, 32, 58, 12, 83, 84, 59, 43, 86, 41, 10, 44, 31, 25, 59, 84, 78, 55, 62, 12, 89, 46, 36, 20, 74, 31, 17, 29, 53, 10, 35, 37, 40, 54, 64, 67, 58, 36, 67, 52, 35, 38, 69, 69, 41, 56, 76, 84, 50, 16, 66, 53, 57, 59, 25, 68, 30, 48, 0, 54, 78, 76, 75, 81, 38, 88, 79, 71]
71 [137,474] 64 Distance: [64, 55, 56, 47, 61, 31, 53, 61, 33, 31, 74, 25, 89, 84, 45, 12, 13, 57, 22, 50, 14, 27, 35, 52, 18, 39, 66, 11, 32, 23, 67, 21, 45, 63, 35, 67, 22, 80, 63, 30, 82, 17, 77, 85, 54, 79, 76, 49, 26, 80, 23, 70, 64, 88, 28, 52, 17, 60, 15, 58, 58, 42, 73, 38, 43, 82, 35, 58, 15, 70, 54, 0, 42, 58, 72, 71, 33, 40, 10, 31]
72 [208,332] 65 Distance: [72, 25, 57, 78, 17, 16, 76, 68, 41, 14, 19, 87, 31, 58, 56, 35, 25, 84, 85, 81, 65, 68, 54, 55, 60, 68, 70, 56, 48, 59, 51, 74, 39, 88, 37, 17, 67, 78, 19, 67, 40, 61, 32, 10, 57, 81, 55, 86, 67, 40, 33, 71, 33, 35, 59, 58, 15, 42, 44, 14, 62, 63, 16, 62, 63, 67, 26, 13, 29, 52, 78, 42, 0, 45, 33, 64, 20, 20, 23, 77]
73 [208,354] 65 Distance: [16, 71, 56, 48, 31, 39, 30, 59, 18, 47, 18, 20, 61, 36, 26, 59, 84, 59, 73, 67, 73, 20, 36, 65, 43, 38, 11, 48, 30, 63, 42, 83, 59, 13, 63, 10, 23, 46, 36, 62, 33, 41, 77, 44, 12, 28, 67, 65, 60, 12, 73, 18, 13, 43, 45, 58, 56, 59, 51, 33, 16, 71, 37, 23, 62, 48, 31, 20, 43, 76, 76, 58, 45, 0, 27, 76, 26, 84, 52, 17]
74 [113,156] 74 Distance: [40, 80, 69, 60, 67, 36, 63, 72, 54, 57, 13, 31, 21, 44, 40, 40, 29, 19, 80, 65, 22, 30, 48, 32, 85, 50, 27, 43, 25, 16, 22, 11, 63, 79, 79, 25, 15, 48, 74, 28, 30, 59, 41, 21, 11, 37, 56, 33, 64, 23, 84, 20, 85, 24, 39, 59, 43, 36, 47, 18, 30, 37, 31, 30, 40, 58, 78, 15, 41, 80, 75, 72, 33, 27, 0, 38, 80, 70, 70, 35]
75 [70,433] 68 Distance: [26, 43, 88, 10, 59, 24, 33, 28, 31, 52, 59, 31, 87, 63, 23, 45, 63, 28, 53, 53, 40, 81, 23, 32, 86, 64, 52, 35, 71, 60, 45, 54, 49, 15, 33, 65, 89, 45, 50, 89, 67, 30, 43, 25, 33, 15, 65, 17, 78, 29, 40, 45, 71, 37, 42, 71, 19, 45, 58, 28, 68, 56, 86, 27, 58, 47, 17, 66, 34, 32, 81, 71, 64, 76, 38, 0, 17, 37, 23, 42]
76 [121,420] 66 Distance: [32, 21, 49, 42, 39, 11, 63, 45, 20, 88, 17, 19, 80, 47, 85, 10, 35, 34, 23, 72, 78, 10, 62, 89, 80, 53, 11, 69, 38, 54, 38, 35, 64, 78, 40, 59, 50, 29, 42, 25, 10, 25, 67, 17, 80, 22, 33, 68, 75, 55, 58, 47, 80, 51, 56, 49, 42, 30, 66, 11, 42, 43, 15, 41, 10, 20, 62, 63, 65, 88, 38, 33, 20, 26, 80, 17, 0, 68, 64, 54]
77 [68,407] 29 Distance: [34, 47, 37, 84, 17, 56, 24, 37, 29, 57, 30, 44, 79, 81, 22, 61, 32, 79, 58, 24, 60, 16, 60, 82, 63, 31, 47, 22, 76, 34, 19, 60, 24, 11, 82, 27, 64, 65, 10, 33, 25, 23, 24, 38, 66, 20, 21, 46, 18, 19, 63, 66, 16, 20, 24, 84, 28, 40, 44, 32, 57, 82, 17, 35, 86, 83, 82, 81, 72, 26, 88, 40, 20, 84, 70, 37, 68, 0, 87, 13]
78 [55,228] 29 Distance: [27, 71, 29, 10, 37, 64, 19, 78, 66, 66, 49, 48, 23, 51, 56, 78, 88, 56, 75, 34, 31, 38, 49, 71, 41, 37, 78, 50, 69, 16, 79, 43, 35, 55, 60, 84, 80, 71, 35, 33, 19, 50, 16, 82, 61, 44, 53, 57, 57, 83, 47, 34, 84, 10, 81, 78, 14, 36, 29, 39, 26, 45, 70, 78, 55, 68, 32, 58, 52, 52, 79, 10, 23, 52, 70, 23, 64, 87, 0, 87]
79 [42,473] 15 Distance: [85, 55, 24, 81, 27, 24, 75, 66, 49, 47, 30, 53, 77, 36, 54, 48, 54, 54, 73, 71, 73, 66, 71, 71, 11, 89, 24, 57, 55, 30, 17, 58, 78, 36, 82, 13, 89, 15, 18, 36, 10, 84, 52, 67, 73, 39, 69, 55, 55, 62, 23, 29, 48, 59, 26, 21, 56, 50, 67, 40, 11, 34, 32, 15, 50, 45, 70, 26, 15, 30, 71, 31, 77, 17, 35, 42, 54, 13, 87, 0]
