0 [0,720] 0 Distance: [0, 16, 56, 32, 54, 72, 85, 40, 54, 31, 81, 87, 84, 84, 64, 50, 77, 18, 44, 45, 23, 85, 81, 86, 67, 47, 55, 64, 87, 11, 54, 14, 27, 77, 15, 87, 27, 76, 47, 81, 68, 35, 88, 62, 53, 70, 58, 85, 53, 28]
1 [99,414] 26 Distance: [16, 0, 23, 48, 75, 67, 30, 80, 43, 84, 57, 28, 43, 52, 58, 11, 81, 41, 86, 45, 48, 58, 32, 17, 18, 48, 52, 82, 33, 74, 76, 81, 34, 11, 66, 15, 14, 15, 83, 17, 62, 43, 44, 54, 35, 49, 84, 52, 48, 51]
2 [160,272] 66 Distance: [56, 23, 0, 70, 14, 52, 63, 41, 82, 39, 56, 45, 14, 33, 69, 85, 19, 49, 67, 75, 34, 17, 86, 20, 19, 36, 28, 34, 21, 40, 18, 32, 31, 78, 81, 13, 85, 18, 80, 88, 39, 41, 45, 20, 35, 71, 53, 72, 26, 11]
3 [71,475] 28 Distance: [32, 48, 70, 0, 64, 70, 31, 55, 11, 85, 76, 31, 61, 62, 31, 13, 11, 32, 34, 79, 55, 16, 24, 78, 66, 32, 19, 27, 34, 26, 19, 24, 63, 42, 73, 49, 24, 86, 73, 85, 19, 10, 78, 69, 33, 20, 23, 23, 15, 57]
4 [27,209] 36 Distance: [54, 75, 14, 64, 0, 15, 55, 89, 18, 10, 59, 73, 86, 28, 66, 29, 21, 20, 24, 23, 31, 85, 72, 45, 15, 53, 79, 65, 23, 46, 72, 59, 57, 65, 74, 50, 47, 11, 10, 11, 55, 80, 62, 24, 31, 36, 64, 49, 89, 73]
5 [53,381] 35 Distance: [72, 67, 52, 70, 15, 0, 75, 31, 75, 66, 37, 53, 85, 21, 88, 42, 80, 63, 62, 17, 16, 50, 25, 26, 53, 42, 13, 49, 52, 77, 59, 83, 45, 32, 10, 65, 25, 70, 36, 14, 65, 35, 26, 82, 46, 31, 69, 81, 88, 87]
6 [126,226] 3 Distance: [85, 30, 63, 31, 55, 75, 0, 11, 22, 29, 77, 41, 72, 49, 15, 35, 79, 44, 21, 69, 80, 37, 84, 37, 35, 57, 63, 72, 38, 23, 14, 61, 74, 75, 39, 42, 59, 37, 24, 65, 29, 85, 54, 14, 34, 86, 15, 64, 41, 52]
7 [237,366] 55 Distance: [40, 80, 41, 55, 89, 31, 11, 0, 44, 49, 80, 11, 35, 68, 74, 61, 73, 74, 59, 16, 69, 49, 16, 50, 15, 10, 11, 57, 55, 37, 76, 44, 34, 59, 60, 39, 14, 72, 83, 79, 71, 19, 41, 51, 83, 11, 26, 74, 23, 48]
8 [208,230] 16 Distance: [54, 43, 82, 11, 18, 75, 22, 44, 0, 18, 15, 13, 42, 71, 22, 29, 58, 86, 10, 56, 60, 54, 52, 67, 21, 41, 26, 80, 79, 17, 50, 73, 46, 79, 49, 54, 30, 22, 20, 78, 59, 46, 26, 89, 45, 53, 28, 68, 14, 48]
9 [8,61] 28 Distance: [31, 84, 39, 85, 10, 66, 29, 49, 18, 0, 10, 14, 57, 47, 52, 79, 32, 30, 49, 89, 26, 71, 79, 86, 39, 85, 88, 81, 49, 20, 78, 65, 34, 52, 67, 15, 44, 77, 87, 40, 57, 60, 46, 46, 79, 27, 77, 10, 15, 62]
10 [33,371] 66 Distance: [81, 57, 56, 76, 59, 37, 77, 80, 15, 10, 0, 33, 12, 59, 74, 61, 51, 18, 32, 30, 71, 89, 71, 44, 83, 71, 24, 79, 65, 45, 19, 59, 46, 16, 14, 74, 28, 84, 30, 21, 38, 39, 46, 15, 78, 40, 60, 13, 67, 18]
11 [97,119] 88 Distance: [87, 28, 45, 31, 73, 53, 41, 11, 13, 14, 33, 0, 35, 38, 14, 89, 67, 51, 59, 47, 29, 34, 36, 51, 26, 61, 73, 23, 28, 66, 44, 60, 44, 15, 41, 28, 33, 61, 19, 84, 82, 37, 42, 28, 83, 19, 88, 52, 44, 54]
12 [35,233] 5 Distance: [84, 43, 14, 61, 86, 85, 72, 35, 42, 57, 12, 35, 0, 58, 61, 24, 48, 28, 18, 40, 81, 13, 81, 23, 10, 82, 89, 73, 80, 38, 81, 60, 80, 15, 67, 49, 57, 44, 67, 20, 10, 10, 32, 22, 41, 54, 70, 60, 77, 61]
13 [39,134] 45 Distance: [84, 52, 33, 62, 28, 21, 49, 68, 71, 47, 59, 38, 58, 0, 14, 64, 25, 79, 83, 69, 86, 49, 33, 73, 43, 50, 11, 67, 44, 38, 25, 11, 76, 62, 13, 41, 32, 40, 16, 69, 33, 34, 30, 14, 45, 42, 75, 54, 59, 17]
14 [102,115] 13 Distance: [64, 58, 69, 31, 66, 88, 15, 74, 22, 52, 74, 14, 61, 14, 0, 64, 26, 74, 79, 22, 32, 69, 64, 62, 89, 20, 59, 74, 37, 34, 35, 12, 22, 39, 86, 73, 77, 49, 18, 41, 17, 52, 40, 29, 78, 11, 89, 61, 73, 41]
15 [49,58] 5 Distance: [50, 11, 85, 13, 29, 42, 35, 61, 29, 79, 61, 89, 24, 64, 64, 0, 62, 30, 82, 17, 36, 45, 50, 30, 51, 75, 52, 48, 31, 52, 16, 20, 39, 45, 82, 30, 59, 74, 73, 54, 75, 57, 60, 28, 75, 62, 71, 25, 82, 76]
16 [212,467] 12 Distance: [77, 81, 19, 11, 21, 80, 79, 73, 58, 32, 51, 67, 48, 25, 26, 62, 0, 51, 35, 50, 29, 19, 13, 34, 14, 58, 89, 86, 58, 43, 59, 32, 50, 40, 27, 16, 69, 12, 86, 55, 66, 68, 82, 73, 55, 87, 44, 49, 52, 71]
17 [94,315] 2 Distance: [18, 41, 49, 32, 20, 63, 44, 74, 86, 30, 18, 51, 28, 79, 74, 30, 51, 0, 48, 46, 81, 64, 84, 59, 57, 29, 50, 61, 82, 58, 64, 53, 74, 67, 77, 21, 16, 76, 58, 64, 11, 58, 66, 41, 43, 30, 23, 29, 42, 18]
18 [39,218] 44 Distance: [44, 86, 67, 34, 24, 62, 21, 59, 10, 49, 32, 59, 18, 83, 79, 82, 35, 48, 0, 59, 45, 15, 60, 73, 36, 63, 15, 30, 55, 32, 49, 86, 26, 75, 72, 23, 31, 45, 77, 68, 73, 11, 18, 79, 63, 63, 15, 15, 43, 35]
19 [61,177] 30 Distance: [45, 45, 75, 79, 23, 17, 69, 16, 56, 89, 30, 47, 40, 69, 22, 17, 50, 46, 59, 0, 56, 25, 34, 73, 75, 46, 47, 84, 54, 33, 88, 71, 53, 83, 18, 40, 73, 45, 65, 17, 20, 73, 55, 67, 48, 78, 45, 38, 79, 86]
20 [167,399] 5 Distance: [23, 48, 34, 55, 31, 16, 80, 69, 60, 26, 71, 29, 81, 86, 32, 36, 29, 81, 45, 56, 0, 15, 82, 29, 13, 66, 19, 66, 88, 49, 29, 37, 32, 69, 28, 10, 26, 19, 37, 27, 52, 15, 63, 84, 77, 62, 72, 72, 82, 25]
21 [81,320] 24 Distance: [85, 58, 17, 16, 85, 50, 37, 49, 54, 71, 89, 34, 13, 49, 69, 45, 19, 64, 15, 25, 15, 0, 69, 34, 17, 45, 26, 54, 28, 15, 50, 53, 27, 30, 28, 15, 14, 33, 82, 51, 78, 79, 55, 50, 47, 61, 28, 82, 21, 49]
22 [145,262] 45 Distance: [81, 32, 86, 24, 72, 25, 84, 16, 52, 79, 71, 36, 81, 33, 64, 50, 13, 84, 60, 34, 82, 69, 0, 63, 30, 31, 38, 64, 11, 52, 41, 81, 37, 88, 79, 58, 39, 27, 73, 55, 58, 79, 64, 30, 69, 53, 27, 16, 18, 50]
23 [184,445] 69 Distance: [86, 17, 20, 78, 45, 26, 37, 50, 67, 86, 44, 51, 23, 73, 62, 30, 34, 59, 73, 73, 29, 34, 63, 0, 16, 12, 66, 19, 22, 74, 38, 58, 56, 43, 46, 19, 86, 74, 47, 72, 86, 47, 29, 12, 24, 16, 89, 24, 86, 84]
24 [148,219] 20 Distance: [67, 18, 19, 66, 15, 53, 35, 15, 21, 39, 83, 26, 10, 43, 89, 51, 14, 57, 36, 75, 13, 17, 30, 16, 0, 51, 49, 42, 22, 64, 50, 10, 18, 22, 27, 15, 31, 37, 22, 84, 41, 16, 49, 25, 26, 57, 13, 22, 20, 26]
25 [95,429] 47 Distance: [47, 48, 36, 32, 53, 42, 57, 10, 41, 85, 71, 61, 82, 50, 20, 75, 58, 29, 63, 46, 66, 45, 31, 12, 51, 0, 34, 29, 29, 31, 61, 24, 40, 34, 23, 18, 44, 78, 35, 82, 35, 21, 67, 17, 33, 61, 56, 61, 47, 53]
26 [144,313] 69 Distance: [55, 52, 28, 19, 79, 13, 63, 11, 26, 88, 24, 73, 89, 11, 59, 52, 89, 50, 15, 47, 19, 26, 38, 66, 49, 34, 0, 52, 54, 19, 21, 13, 53, 62, 51, 49, 61, 33, 66, 65, 89, 13, 37, 11, 53, 70, 82, 56, 89, 51]
27 [47,176] 49 Distance: [64, 82, 34, 27, 65, 49, 72, 57, 80, 81, 79, 23, 73, 67, 74, 48, 86, 61, 30, 84, 66, 54, 64, 19, 42, 29, 52, 0, 65, 30, 16, 52, 51, 83, 87, 64, 16, 63, 80, 26, 40, 28, 22, 64, 59, 29, 11, 48, 21, 72]
28 [4,289] 49 Distance: [87, 33, 21, 34, 23, 52, 38, 55, 79, 49, 65, 28, 80, 44, 37, 31, 58, 82, 55, 54, 88, 28, 11, 22, 22, 29, 54, 65, 0, 78, 23, 33, 65, 24, 40, 14, 37, 69, 85, 15, 32, 47, 12, 43, 11, 54, 49, 21, 53, 45]
29 [43,361] 60 Distance: [11, 74, 40, 26, 46, 77, 23, 37, 17, 20, 45, 66, 38, 38, 34, 52, 43, 58, 32, 33, 49, 15, 52, 74, 64, 31, 19, 30, 78, 0, 52, 39, 77, 30, 79, 71, 73, 45, 79, 28, 22, 41, 76, 57, 61, 47, 22, 87, 14, 89]
30 [127,149] 77 Distance: [54, 76, 18, 19, 72, 59, 14, 76, 50, 78, 19, 44, 81, 25, 35, 16, 59, 64, 49, 88, 29, 50, 41, 38, 50, 61, 21, 16, 23, 52, 0, 46, 66, 76, 84, 62, 74, 53, 47, 54, 25, 44, 63, 36, 52, 20, 47, 15, 11, 59]
31 [44,420] 4 Distance: [14, 81, 32, 24, 59, 83, 61, 44, 73, 65, 59, 60, 60, 11, 12, 20, 32, 53, 86, 71, 37, 53, 81, 58, 10, 24, 13, 52, 33, 39, 46, 0, 85, 80, 74, 48, 80, 62, 18, 19, 29, 37, 50, 40, 41, 49, 78, 88, 17, 77]
32 [93,378] 64 Distance: [27, 34, 31, 63, 57, 45, 74, 34, 46, 34, 46, 44, 80, 76, 22, 39, 50, 74, 26, 53, 32, 27, 37, 56, 18, 40, 53, 51, 65, 77, 66, 85, 0, 50, 20, 53, 34, 16, 70, 59, 62, 85, 86, 63, 83, 58, 69, 24, 25, 69]
33 [82,147] 73 Distance: [77, 11, 78, 42, 65, 32, 75, 59, 79, 52, 16, 15, 15, 62, 39, 45, 40, 67, 75, 83, 69, 30, 88, 43, 22, 34, 62, 83, 24, 30, 76, 80, 50, 0, 58, 38, 34, 80, 23, 72, 39, 49, 23, 42, 52, 25, 70, 75, 60, 73]
34 [71,88] 67 Distance: [15, 66, 81, 73, 74, 10, 39, 60, 49, 67, 14, 41, 67, 13, 86, 82, 27, 77, 72, 18, 28, 28, 79, 46, 27, 23, 51, 87, 40, 79, 84, 74, 20, 58, 0, 77, 28, 10, 45, 72, 84, 54, 28, 22, 17, 81, 72, 60, 74, 13]
35 [159,310] 48 Distance: [87, 15, 13, 49, 50, 65, 42, 39, 54, 15, 74, 28, 49, 41, 73, 30, 16, 21, 23, 40, 10, 15, 58, 19, 15, 18, 49, 64, 14, 71, 62, 48, 53, 38, 77, 0, 16, 71, 64, 43, 21, 60, 18, 66, 58, 77, 79, 25, 20, 43]
36 [104,263] 62 Distance: [27, 14, 85, 24, 47, 25, 59, 14, 30, 44, 28, 33, 57, 32, 77, 59, 69, 16, 31, 73, 26, 14, 39, 86, 31, 44, 61, 16, 37, 73, 74, 80, 34, 34, 28, 16, 0, 21, 33, 33, 67, 41, 18, 37, 38, 48, 49, 79, 40, 42]
37 [179,450] 85 Distance: [76, 15, 18, 86, 11, 70, 37, 72, 22, 77, 84, 61, 44, 40, 49, 74, 12, 76, 45, 45, 19, 33, 27, 74, 37, 78, 33, 63, 69, 45, 53, 62, 16, 80, 10, 71, 21, 0, 74, 58, 69, 30, 48, 63, 11, 16, 62, 56, 88, 48]
38 [60,278] 41 Distance: [47, 83, 80, 73, 10, 36, 24, 83, 20, 87, 30, 19, 67, 16, 18, 73, 86, 58, 77, 65, 37, 82, 73, 47, 22, 35, 66, 80, 85, 79, 47, 18, 70, 23, 45, 64, 33, 74, 0, 25, 32, 49, 76, 36, 86, 59, 85, 47, 63, 10]
39 [204,466] 56 Distance: [81, 17, 88, 85, 11, 14, 65, 79, 78, 40, 21, 84, 20, 69, 41, 54, 55, 64, 68, 17, 27, 51, 55, 72, 84, 82, 65, 26, 15, 28, 54, 19, 59, 72, 72, 43, 33, 58, 25, 0, 79, 61, 59, 36, 65, 17, 32, 33, 77, 85]
40 [62,191] 5 Distance: [68, 62, 39, 19, 55, 65, 29, 71, 59, 57, 38, 82, 10, 33, 17, 75, 66, 11, 73, 20, 52, 78, 58, 86, 41, 35, 89, 40, 32, 22, 25, 29, 62, 39, 84, 21, 67, 69, 32, 79, 0, 19, 34, 42, 70, 22, 10, 44, 79, 75]
41 [13,436] 80 Distance: [35, 43, 41, 10, 80, 35, 85, 19, 46, 60, 39, 37, 10, 34, 52, 57, 68, 58, 11, 73, 15, 79, 79, 47, 16, 21, 13, 28, 47, 41, 44, 37, 85, 49, 54, 60, 41, 30, 49, 61, 19, 0, 13, 85, 16, 54, 84, 37, 42, 64]
42 [63,103] 60 Distance: [88, 44, 45, 78, 62, 26, 54, 41, 26, 46, 46, 42, 32, 30, 40, 60, 82, 66, 18, 55, 63, 55, 64, 29, 49, 67, 37, 22, 12, 76, 63, 50, 86, 23, 28, 18, 18, 48, 76, 59, 34, 13, 0, 74, 77, 42, 24, 23, 18, 80]
43 [36,291] 69 Distance: [62, 54, 20, 69, 24, 82, 14, 51, 89, 46, 15, 28, 22, 14, 29, 28, 73, 41, 79, 67, 84, 50, 30, 12, 25, 17, 11, 64, 43, 57, 36, 40, 63, 42, 22, 66, 37, 63, 36, 36, 42, 85, 74, 0, 52, 86, 44, 44, 37, 52]
44 [18,428] 44 Distance: [53, 35, 35, 33, 31, 46, 34, 83, 45, 79, 78, 83, 41, 45, 78, 75, 55, 43, 63, 48, 77, 47, 69, 24, 26, 33, 53, 59, 11, 61, 52, 41, 83, 52, 17, 58, 38, 11, 86, 65, 70, 16, 77, 52, 0, 62, 52, 72, 56, 32]
45 [178,313] 46 Distance: [70, 49, 71, 20, 36, 31, 86, 11, 53, 27, 40, 19, 54, 42, 11, 62, 87, 30, 63, 78, 62, 61, 53, 16, 57, 61, 70, 29, 54, 47, 20, 49, 58, 25, 81, 77, 48, 16, 59, 17, 22, 54, 42, 86, 62, 0, 51, 73, 42, 87]
46 [69,262] 89 Distance: [58, 84, 53, 23, 64, 69, 15, 26, 28, 77, 60, 88, 70, 75, 89, 71, 44, 23, 15, 45, 72, 28, 27, 89, 13, 56, 82, 11, 49, 22, 47, 78, 69, 70, 72, 79, 49, 62, 85, 32, 10, 84, 24, 44, 52, 51, 0, 33, 67, 49]
47 [136,474] 32 Distance: [85, 52, 72, 23, 49, 81, 64, 74, 68, 10, 13, 52, 60, 54, 61, 25, 49, 29, 15, 38, 72, 82, 16, 24, 22, 61, 56, 48, 21, 87, 15, 88, 24, 75, 60, 25, 79, 56, 47, 33, 44, 37, 23, 44, 72, 73, 33, 0, 39, 75]
48 [110,203] 79 Distance: [53, 48, 26, 15, 89, 88, 41, 23, 14, 15, 67, 44, 77, 59, 73, 82, 52, 42, 43, 79, 82, 21, 18, 86, 20, 47, 89, 21, 53, 14, 11, 17, 25, 60, 74, 20, 40, 88, 63, 77, 79, 42, 18, 37, 56, 42, 67, 39, 0, 66]
49 [223,389] 16 Distance: [28, 51, 11, 57, 73, 87, 52, 48, 48, 62, 18, 54, 61, 17, 41, 76, 71, 18, 35, 86, 25, 49, 50, 84, 26, 53, 51, 72, 45, 89, 59, 77, 69, 73, 13, 43, 42, 48, 10, 85, 75, 64, 80, 52, 32, 87, 49, 75, 66, 0]
