0 [0,720] 0 Distance: [0, 38, 24, 53, 21, 14, 42, 57, 78, 34]
1 [168,467] 69 Distance: [38, 0, 56, 74, 70, 19, 88, 23, 29, 38]
2 [154,413] 72 Distance: [24, 56, 0, 70, 60, 36, 79, 64, 44, 74]
3 [205,426] 45 Distance: [53, 74, 70, 0, 85, 33, 31, 13, 17, 48]
4 [5,436] 50 Distance: [21, 70, 60, 85, 0, 35, 53, 45, 56, 13]
5 [167,280] 16 Distance: [14, 19, 36, 33, 35, 0, 20, 76, 53, 29]
6 [51,413] 11 Distance: [42, 88, 79, 31, 53, 20, 0, 88, 83, 72]
7 [38,183] 11 Distance: [57, 23, 64, 13, 45, 76, 88, 0, 79, 59]
8 [66,388] 7 Distance: [78, 29, 44, 17, 56, 53, 83, 79, 0, 85]
9 [107,448] 11 Distance: [34, 38, 74, 48, 13, 29, 72, 59, 85, 0]
